11591.9453125
11591.943359375
11591.9443359375
11591.943359375
11591.943359375
11591.943359375
11591.9453125
11591.94140625
11591.943359375
11591.9404296875
11591.943359375
11591.94140625
11591.9443359375
11591.9423828125
11591.9462890625
11591.9443359375
11591.943359375
11591.9423828125
11591.9453125
11591.9423828125
11591.9453125
11591.9443359375
11591.9443359375
11591.9443359375
11591.9423828125
11591.9404296875
11591.94140625
11591.9423828125
11591.9423828125
11591.943359375
11591.9423828125
11591.9443359375
11591.943359375
11591.943359375
11591.9423828125
11591.943359375
11591.9462890625
11591.943359375
11591.9404296875
11591.9423828125
11591.9423828125
11591.943359375
11591.943359375
11591.9443359375
11591.943359375
11591.943359375
11591.943359375
11591.9443359375
11591.943359375
11591.9423828125
