0.4744255542755127
0.4744255244731903
0.4744255244731903
0.4744255244731903
0.4744255542755127
0.4744255542755127
0.4744255244731903
0.4744255244731903
0.4744255244731903
0.4744255244731903
0.4744255244731903
0.4744255244731903
0.4744255244731903
0.4744255244731903
0.4744255244731903
0.47442561388015747
0.4744255244731903
0.47442540526390076
0.4744255542755127
0.4744255244731903
0.4744255244731903
0.4744255542755127
0.4744255244731903
0.4744255244731903
0.4744255244731903
0.47442546486854553
0.4744255244731903
0.47442561388015747
0.4744255244731903
0.4744255542755127
0.4744255244731903
0.4744255244731903
0.4744255542755127
0.4744255244731903
0.47442561388015747
0.47442561388015747
0.4744255542755127
0.4744255244731903
0.4744255244731903
0.4744255244731903
0.4744255244731903
0.47442546486854553
0.4744255244731903
0.4744255244731903
0.4744255244731903
0.47442546486854553
0.4744255244731903
0.4744255244731903
0.47442546486854553
0.4744255244731903
